111 4974
0 1 1 1 1 1 0 1 1 1 0 0 0 1 1 0 1 1 0 0 1 0 0 0 0 0 0 0 0 0 0 0 1 1 0 1 0 1 0 1 0 0 1 0 0 0 0 0 1 0 0 1 1 0 0 1 1 0 0 1 1 0 1 0 0 1 1 0 1 1 0 0 1 1 0 0 0 0 0 0 0 1 0 0 1 1 0 0 0 0 1 1 0 1 0 1 0 0 0 1 1 1 1 1 1 0 0 0 1 1 0
1 2
1 3
4 1
5 1
6 1
1 7
1 8
9 1
1 10
1 11
1 12
14 1
1 17
18 1
1 19
20 1
1 24
25 1
26 1
27 1
28 1
1 29
30 1
1 31
1 32
1 33
1 34
35 1
36 1
37 1
38 1
1 39
1 41
1 42
45 1
47 1
1 48
49 1
50 1
51 1
1 52
53 1
1 54
55 1
1 56
57 1
1 59
1 61
62 1
63 1
64 1
65 1
1 66
1 67
1 69
70 1
71 1
72 1
73 1
1 76
77 1
78 1
1 79
80 1
81 1
82 1
83 1
1 85
86 1
1 87
88 1
1 90
91 1
1 92
93 1
1 95
1 96
98 1
99 1
100 1
1 102
1 103
104 1
1 105
106 1
1 107
109 1
1 110
111 1
4 2
2 5
2 7
2 8
2 9
2 10
2 12
13 2
14 2
2 15
2 16
17 2
18 2
21 2
2 23
24 2
2 25
2 26
2 27
2 28
2 29
30 2
2 31
32 2
2 33
35 2
2 36
37 2
39 2
40 2
2 41
2 42
43 2
2 44
2 45
46 2
2 47
2 48
49 2
51 2
2 52
54 2
55 2
56 2
2 58
2 59
2 60
2 61
2 62
2 63
64 2
65 2
2 66
67 2
2 68
69 2
2 71
2 72
74 2
76 2
2 77
78 2
2 80
81 2
82 2
84 2
85 2
2 86
2 87
2 88
89 2
90 2
92 2
93 2
94 2
95 2
2 96
2 97
98 2
2 99
100 2
101 2
102 2
2 103
104 2
2 105
107 2
2 109
111 2
3 5
3 6
7 3
8 3
3 9
10 3
3 12
13 3
14 3
3 15
16 3
3 17
18 3
3 19
3 20
21 3
22 3
26 3
27 3
28 3
29 3
30 3
3 32
33 3
34 3
36 3
3 37
3 38
3 41
3 42
3 44
45 3
46 3
47 3
3 48
3 49
3 50
51 3
3 54
55 3
58 3
3 59
3 61
3 62
63 3
64 3
67 3
3 68
3 69
3 70
71 3
72 3
3 73
3 74
75 3
76 3
3 77
78 3
3 79
80 3
3 82
3 83
87 3
90 3
91 3
3 92
93 3
94 3
96 3
3 98
3 99
100 3
101 3
103 3
3 104
3 107
3 108
3 109
110 3
3 111
4 5
7 4
4 8
4 9
4 10
4 11
4 13
15 4
16 4
4 17
18 4
19 4
21 4
4 22
4 23
4 24
4 25
26 4
29 4
4 30
4 33
4 34
4 35
36 4
4 37
38 4
4 39
4 40
41 4
4 42
43 4
44 4
45 4
4 46
47 4
4 48
49 4
4 50
51 4
52 4
4 53
54 4
56 4
59 4
60 4
61 4
62 4
63 4
64 4
65 4
4 66
67 4
68 4
69 4
4 70
4 72
74 4
4 75
4 76
77 4
78 4
79 4
80 4
81 4
82 4
83 4
4 86
87 4
90 4
91 4
94 4
4 95
96 4
4 97
98 4
4 100
4 101
102 4
4 103
104 4
106 4
4 107
108 4
109 4
110 4
111 4
5 6
5 7
9 5
5 10
11 5
5 12
5 13
14 5
5 15
5 16
5 17
5 18
19 5
5 20
21 5
22 5
23 5
5 26
5 27
5 28
30 5
31 5
32 5
33 5
34 5
35 5
36 5
37 5
5 38
5 39
40 5
5 41
44 5
5 45
5 46
5 48
49 5
5 50
51 5
5 52
5 53
5 54
55 5
5 56
58 5
5 59
5 60
61 5
62 5
5 64
5 66
67 5
68 5
5 69
70 5
72 5
5 73
5 74
5 75
5 77
5 78
79 5
80 5
5 81
82 5
5 83
84 5
85 5
5 86
87 5
88 5
5 91
92 5
5 93
94 5
5 97
5 98
99 5
5 100
101 5
5 102
103 5
5 104
106 5
5 107
108 5
110 5
111 5
7 6
6 8
6 9
10 6
12 6
13 6
14 6
6 15
6 17
19 6
20 6
6 21
22 6
6 23
6 24
25 6
26 6
6 27
6 28
29 6
6 30
32 6
6 33
6 35
36 6
6 37
38 6
6 39
40 6
41 6
6 42
6 45
46 6
6 47
6 48
49 6
50 6
51 6
6 53
6 55
6 56
58 6
6 59
6 60
61 6
6 64
6 65
66 6
6 68
6 69
6 70
71 6
72 6
73 6
74 6
6 75
6 76
78 6
79 6
80 6
6 83
84 6
86 6
87 6
6 88
6 89
6 90
6 91
6 92
6 94
95 6
6 96
6 97
99 6
100 6
101 6
6 102
6 105
107 6
6 108
109 6
110 6
111 6
7 11
7 12
13 7
14 7
7 15
16 7
7 17
7 18
19 7
7 21
22 7
7 24
7 25
26 7
27 7
7 28
7 29
7 31
32 7
33 7
7 34
36 7
7 38
39 7
40 7
7 41
7 42
7 44
7 45
46 7
47 7
7 48
49 7
50 7
51 7
7 52
53 7
54 7
55 7
7 56
7 57
58 7
59 7
60 7
7 61
7 62
63 7
64 7
67 7
68 7
72 7
7 73
7 74
75 7
76 7
77 7
78 7
79 7
7 80
82 7
7 83
7 84
7 85
86 7
88 7
89 7
90 7
92 7
7 93
7 95
7 96
97 7
7 98
101 7
7 103
7 105
106 7
7 110
7 111
9 8
10 8
8 11
13 8
8 15
8 16
17 8
18 8
20 8
8 21
23 8
24 8
8 25
8 26
8 27
28 8
29 8
30 8
31 8
8 32
33 8
34 8
8 35
36 8
37 8
8 38
39 8
40 8
41 8
42 8
43 8
45 8
46 8
47 8
8 49
8 50
51 8
52 8
8 53
54 8
8 55
56 8
8 57
8 59
8 60
61 8
8 63
64 8
65 8
66 8
8 67
68 8
8 69
8 70
71 8
72 8
74 8
76 8
77 8
78 8
8 79
80 8
8 82
8 83
84 8
85 8
86 8
87 8
89 8
8 90
8 91
8 92
8 93
94 8
95 8
96 8
8 97
8 100
101 8
8 102
103 8
104 8
8 105
106 8
107 8
8 108
109 8
110 8
111 8
11 9
9 12
9 14
9 15
9 16
18 9
19 9
20 9
9 22
9 23
9 25
9 26
9 28
9 29
30 9
31 9
9 32
9 34
35 9
36 9
37 9
38 9
39 9
9 40
41 9
42 9
44 9
46 9
47 9
9 48
9 49
50 9
9 51
53 9
54 9
55 9
56 9
9 57
9 58
59 9
61 9
62 9
9 63
9 65
67 9
69 9
70 9
9 71
9 72
9 74
75 9
9 76
77 9
9 78
9 79
80 9
9 81
9 82
83 9
9 84
85 9
9 88
9 89
9 90
9 92
93 9
9 94
95 9
96 9
9 97
9 98
9 99
100 9
9 101
9 102
103 9
104 9
105 9
9 106
107 9
9 108
9 109
9 110
111 9
11 10
10 12
10 13
14 10
16 10
17 10
10 18
10 23
10 24
25 10
10 26
10 27
28 10
10 29
30 10
10 31
34 10
10 35
37 10
38 10
10 39
40 10
10 41
10 42
43 10
10 44
10 45
46 10
10 47
10 48
49 10
10 50
51 10
10 52
53 10
54 10
55 10
57 10
10 58
59 10
61 10
62 10
64 10
10 65
66 10
71 10
73 10
74 10
76 10
10 78
79 10
10 80
81 10
10 82
83 10
10 84
10 85
10 87
10 88
10 89
90 10
10 91
10 92
93 10
94 10
95 10
10 96
97 10
98 10
99 10
10 100
101 10
102 10
10 103
10 105
10 107
108 10
10 109
10 110
111 10
12 11
13 11
11 14
15 11
11 16
11 17
18 11
19 11
11 21
11 22
23 11
24 11
11 25
11 27
28 11
29 11
11 30
32 11
33 11
11 34
11 35
11 36
11 37
38 11
11 39
41 11
11 42
11 43
44 11
11 45
46 11
11 47
48 11
49 11
11 50
51 11
52 11
53 11
55 11
11 57
11 58
11 59
60 11
61 11
62 11
63 11
11 65
11 66
67 11
68 11
69 11
70 11
71 11
11 72
11 73
74 11
75 11
11 76
11 77
11 78
79 11
11 80
82 11
83 11
11 85
11 86
11 87
88 11
11 89
11 91
11 93
11 94
11 95
11 96
97 11
98 11
11 99
11 100
11 101
11 103
11 104
105 11
11 106
11 107
108 11
109 11
11 110
12 14
15 12
12 16
12 17
18 12
19 12
12 20
12 21
12 22
23 12
24 12
25 12
12 27
28 12
30 12
12 31
12 33
34 12
12 35
36 12
37 12
12 38
39 12
12 40
41 12
42 12
12 43
44 12
45 12
46 12
12 49
50 12
52 12
53 12
12 54
12 55
56 12
12 57
60 12
12 61
62 12
63 12
64 12
65 12
12 66
12 67
68 12
69 12
12 70
12 71
12 72
73 12
12 74
75 12
12 76
77 12
78 12
12 79
81 12
12 82
83 12
12 84
12 85
12 86
87 12
88 12
12 89
90 12
12 92
12 93
95 12
96 12
12 97
98 12
99 12
100 12
12 101
102 12
103 12
104 12
12 106
107 12
108 12
110 12
13 14
13 15
13 16
17 13
18 13
13 21
22 13
23 13
24 13
13 25
13 27
28 13
29 13
30 13
32 13
13 34
35 13
36 13
13 37
38 13
40 13
41 13
13 42
13 43
13 45
13 46
13 47
49 13
50 13
13 52
53 13
54 13
55 13
56 13
59 13
61 13
13 63
13 64
65 13
66 13
67 13
68 13
13 69
13 70
72 13
13 73
74 13
75 13
13 76
77 13
13 78
13 79
13 80
82 13
13 83
84 13
85 13
86 13
87 13
13 88
89 13
13 90
13 91
92 13
13 93
13 94
13 95
96 13
97 13
13 98
13 100
13 101
102 13
103 13
104 13
105 13
106 13
13 108
109 13
110 13
13 111
15 14
16 14
14 17
18 14
14 19
20 14
21 14
14 22
14 23
14 24
26 14
27 14
14 28
14 29
31 14
14 32
14 33
14 34
14 35
14 36
14 37
14 38
40 14
14 42
43 14
44 14
46 14
14 47
48 14
49 14
50 14
14 53
54 14
14 56
57 14
58 14
14 59
14 61
62 14
14 63
14 64
67 14
68 14
69 14
14 70
71 14
72 14
14 73
14 74
14 75
14 76
77 14
78 14
14 79
14 80
81 14
14 82
83 14
14 84
14 85
86 14
14 87
14 89
90 14
14 91
14 92
14 93
95 14
96 14
14 97
14 98
14 99
102 14
14 103
104 14
14 106
14 108
14 110
14 111
15 16
17 15
18 15
19 15
20 15
22 15
24 15
15 25
26 15
15 27
28 15
15 30
15 31
15 32
15 33
15 34
35 15
36 15
15 37
15 38
15 39
15 40
15 41
15 42
15 43
15 44
15 45
15 46
47 15
48 15
49 15
15 50
54 15
55 15
56 15
57 15
15 58
15 59
15 61
63 15
64 15
15 65
68 15
69 15
70 15
15 71
15 72
15 73
15 75
15 76
15 77
15 79
80 15
81 15
15 82
83 15
85 15
15 86
87 15
88 15
89 15
15 90
94 15
95 15
96 15
15 97
15 99
15 100
101 15
15 102
103 15
105 15
15 106
107 15
110 15
111 15
16 17
19 16
21 16
16 22
23 16
16 24
16 25
26 16
27 16
16 28
30 16
31 16
16 32
16 33
34 16
16 35
37 16
16 38
39 16
16 40
41 16
44 16
16 45
16 46
16 47
16 48
50 16
16 51
16 52
16 53
16 55
16 56
57 16
58 16
59 16
16 61
63 16
16 64
16 65
66 16
67 16
68 16
16 69
70 16
72 16
16 73
75 16
16 78
80 16
16 84
16 85
86 16
16 87
16 88
16 89
16 90
91 16
16 92
16 93
94 16
16 96
97 16
98 16
100 16
16 101
102 16
103 16
16 105
16 106
107 16
16 108
109 16
110 16
16 111
18 17
17 19
20 17
17 22
23 17
17 24
17 25
26 17
17 27
17 28
17 29
30 17
17 31
32 17
33 17
17 34
35 17
17 36
37 17
38 17
39 17
41 17
17 42
43 17
44 17
17 45
17 46
47 17
48 17
49 17
17 50
51 17
52 17
53 17
17 54
17 55
17 56
57 17
17 58
17 59
17 61
17 63
66 17
67 17
68 17
17 69
70 17
71 17
73 17
74 17
76 17
77 17
78 17
17 80
81 17
17 83
84 17
17 85
17 86
87 17
17 88
17 89
90 17
17 91
92 17
93 17
17 94
95 17
96 17
17 97
17 98
17 100
17 101
17 102
103 17
104 17
17 105
106 17
17 107
108 17
17 109
17 110
111 17
18 19
18 20
21 18
18 22
18 23
18 24
25 18
26 18
18 27
28 18
18 30
31 18
32 18
33 18
18 34
35 18
36 18
18 37
18 38
18 39
18 40
41 18
18 42
18 43
44 18
18 45
18 46
18 48
18 49
18 50
51 18
18 52
18 53
18 54
55 18
56 18
18 57
18 58
59 18
18 60
61 18
63 18
18 64
65 18
18 66
68 18
18 69
18 70
18 71
72 18
75 18
77 18
18 78
18 79
18 80
18 81
18 82
83 18
18 84
86 18
87 18
18 88
90 18
18 91
18 92
18 93
18 94
95 18
96 18
97 18
98 18
100 18
101 18
18 103
18 104
105 18
106 18
18 107
109 18
18 110
111 18
20 19
19 21
22 19
23 19
19 24
26 19
19 27
19 28
19 29
30 19
31 19
19 32
19 33
34 19
35 19
36 19
19 37
38 19
39 19
19 40
19 41
19 42
19 43
19 44
19 45
46 19
19 48
19 49
51 19
19 52
53 19
19 54
56 19
57 19
58 19
59 19
60 19
19 61
19 62
63 19
64 19
65 19
66 19
19 68
69 19
70 19
19 71
72 19
74 19
19 76
19 77
78 19
19 79
19 80
19 81
82 19
83 19
85 19
86 19
87 19
88 19
19 90
19 91
93 19
94 19
95 19
19 96
19 97
99 19
100 19
101 19
102 19
19 103
19 104
19 105
106 19
107 19
19 108
110 19
20 21
20 22
20 23
25 20
20 26
20 27
20 29
30 20
20 31
32 20
33 20
20 34
35 20
36 20
37 20
38 20
39 20
20 40
20 42
46 20
20 47
20 48
49 20
50 20
20 51
52 20
20 53
20 54
55 20
20 56
20 57
58 20
20 59
60 20
20 62
63 20
64 20
20 65
20 66
67 20
20 69
70 20
20 71
20 72
20 73
20 74
76 20
20 77
20 78
79 20
20 80
81 20
20 82
20 83
20 84
85 20
86 20
87 20
88 20
89 20
90 20
20 91
92 20
93 20
20 95
20 96
20 97
20 98
99 20
102 20
103 20
20 104
20 105
107 20
20 108
109 20
110 20
20 111
21 22
23 21
21 24
25 21
21 26
21 27
21 29
21 31
32 21
33 21
21 34
21 35
36 21
38 21
39 21
41 21
21 43
44 21
21 45
46 21
21 47
21 48
49 21
21 50
21 51
21 52
53 21
21 54
21 55
21 56
21 57
21 58
59 21
61 21
62 21
64 21
65 21
21 66
21 67
21 69
21 70
71 21
73 21
74 21
21 75
76 21
21 77
78 21
21 79
21 80
81 21
21 82
83 21
21 84
85 21
86 21
21 87
88 21
89 21
21 90
91 21
92 21
94 21
95 21
21 97
21 98
21 100
21 101
21 102
21 103
21 104
21 105
21 106
108 21
21 109
21 110
111 21
24 22
25 22
22 26
27 22
28 22
30 22
31 22
32 22
22 33
34 22
35 22
22 36
37 22
22 39
40 22
22 43
44 22
22 46
22 47
22 48
22 49
22 50
52 22
54 22
22 55
22 58
22 59
22 60
22 61
22 62
63 22
22 64
22 65
66 22
22 68
69 22
70 22
22 71
22 72
73 22
74 22
22 75
77 22
22 78
80 22
81 22
82 22
22 83
22 84
22 86
22 87
88 22
22 89
22 91
22 92
94 22
98 22
22 99
100 22
101 22
102 22
22 103
22 104
22 106
107 22
22 108
110 22
22 111
24 23
25 23
23 26
27 23
28 23
23 29
30 23
23 31
32 23
33 23
34 23
35 23
23 36
37 23
39 23
40 23
41 23
42 23
43 23
44 23
23 45
46 23
47 23
48 23
49 23
23 50
51 23
52 23
54 23
55 23
23 56
57 23
58 23
59 23
23 60
61 23
23 63
64 23
66 23
23 67
68 23
69 23
23 70
23 71
23 74
23 77
23 78
79 23
80 23
81 23
82 23
23 83
84 23
23 85
23 86
87 23
23 88
89 23
23 90
91 23
92 23
23 94
23 95
23 96
97 23
23 99
100 23
23 101
102 23
23 103
23 104
23 105
106 23
23 107
108 23
109 23
110 23
23 111
25 24
26 24
24 27
24 28
24 29
30 24
31 24
24 32
24 33
35 24
24 36
24 38
39 24
24 40
41 24
42 24
43 24
24 44
45 24
24 46
24 48
24 49
50 24
24 51
52 24
24 53
54 24
55 24
56 24
57 24
58 24
24 59
24 60
24 61
24 64
65 24
66 24
67 24
24 69
70 24
71 24
72 24
73 24
75 24
76 24
24 79
81 24
84 24
24 85
24 87
88 24
89 24
24 90
91 24
24 92
24 94
24 95
24 97
24 98
99 24
100 24
24 101
102 24
24 104
105 24
106 24
107 24
24 109
110 24
26 25
27 25
30 25
31 25
32 25
33 25
34 25
35 25
25 36
25 37
38 25
25 39
25 40
25 41
42 25
25 44
45 25
25 47
48 25
25 49
25 50
25 51
25 53
25 54
25 56
57 25
25 58
25 59
60 25
61 25
62 25
25 63
64 25
25 66
68 25
25 69
70 25
71 25
25 72
73 25
25 76
25 77
25 78
25 80
25 81
82 25
85 25
25 86
87 25
25 88
25 89
25 90
91 25
25 92
93 25
25 94
25 96
25 97
25 98
99 25
25 100
101 25
25 104
105 25
106 25
107 25
25 108
25 110
111 25
27 26
28 26
29 26
30 26
26 31
33 26
26 35
26 37
26 38
39 26
40 26
41 26
26 42
43 26
26 46
26 47
48 26
49 26
50 26
26 52
26 53
26 54
26 55
26 56
26 57
58 26
26 59
60 26
61 26
26 62
64 26
65 26
66 26
26 67
68 26
69 26
26 71
72 26
75 26
76 26
77 26
26 78
79 26
80 26
26 81
83 26
26 85
26 86
87 26
89 26
26 90
26 91
26 92
26 93
94 26
95 26
97 26
26 98
26 100
101 26
102 26
26 103
26 104
26 106
107 26
108 26
28 27
29 27
27 30
31 27
32 27
27 33
34 27
36 27
37 27
27 38
39 27
27 40
41 27
42 27
44 27
27 45
46 27
47 27
27 48
49 27
50 27
27 51
54 27
27 55
56 27
27 57
27 58
60 27
61 27
62 27
63 27
27 64
65 27
66 27
67 27
27 68
27 69
27 70
27 71
27 72
74 27
27 76
27 78
79 27
27 80
81 27
27 82
27 85
27 87
27 88
27 89
27 90
27 91
92 27
93 27
27 95
27 96
97 27
98 27
99 27
100 27
27 101
27 102
27 104
106 27
27 109
110 27
111 27
28 29
30 28
32 28
33 28
28 34
28 35
28 36
37 28
28 39
28 40
41 28
43 28
44 28
46 28
47 28
28 48
49 28
50 28
51 28
52 28
28 54
28 55
56 28
57 28
58 28
28 59
61 28
62 28
28 63
64 28
28 65
28 66
28 67
68 28
69 28
70 28
28 72
74 28
28 75
76 28
28 77
28 78
79 28
28 80
81 28
82 28
83 28
28 84
85 28
28 86
87 28
28 89
28 90
28 91
28 93
28 95
96 28
28 98
28 99
100 28
101 28
28 102
28 103
104 28
105 28
28 106
109 28
28 110
28 111
30 29
31 29
33 29
34 29
35 29
29 36
37 29
38 29
39 29
40 29
29 42
43 29
29 44
29 45
46 29
50 29
51 29
29 52
29 53
54 29
55 29
29 56
29 57
59 29
29 60
61 29
62 29
63 29
64 29
29 66
29 67
29 68
69 29
29 70
29 71
72 29
29 73
74 29
77 29
79 29
29 80
81 29
29 83
29 85
29 86
29 89
29 91
29 92
93 29
29 94
29 95
29 96
29 97
29 98
29 99
29 100
29 101
29 102
29 103
104 29
29 105
106 29
29 107
108 29
29 110
111 29
31 30
32 30
33 30
34 30
30 35
30 37
30 38
30 39
30 40
30 41
30 42
30 43
45 30
30 46
47 30
30 49
50 30
30 51
53 30
54 30
30 55
56 30
58 30
60 30
30 61
62 30
63 30
64 30
30 66
67 30
30 68
30 69
30 70
71 30
30 72
74 30
30 75
77 30
30 78
79 30
30 80
30 81
83 30
84 30
85 30
86 30
30 87
30 88
89 30
30 90
30 91
30 92
94 30
95 30
96 30
97 30
98 30
30 99
30 100
30 101
103 30
30 104
30 105
30 106
107 30
108 30
30 109
30 111
32 31
31 36
37 31
38 31
31 39
40 31
31 41
42 31
31 43
31 44
31 45
31 46
31 47
49 31
50 31
51 31
31 52
31 53
31 57
58 31
59 31
61 31
31 63
31 64
65 31
31 66
31 67
68 31
69 31
31 70
31 71
31 72
31 73
31 74
31 75
76 31
77 31
78 31
79 31
80 31
31 82
31 83
31 84
86 31
31 87
89 31
31 90
91 31
31 93
31 95
31 96
97 31
98 31
100 31
101 31
102 31
31 103
106 31
31 108
109 31
111 31
32 33
34 32
32 35
32 36
37 32
32 38
32 39
32 41
42 32
32 43
32 44
32 45
46 32
32 48
32 50
51 32
52 32
53 32
32 54
32 55
32 56
57 32
32 58
59 32
32 60
32 61
63 32
32 67
71 32
32 72
73 32
74 32
75 32
32 76
32 77
79 32
81 32
32 82
83 32
85 32
86 32
87 32
32 88
89 32
90 32
93 32
32 94
95 32
96 32
32 97
32 98
32 99
32 100
32 102
104 32
32 105
106 32
32 107
108 32
109 32
32 110
111 32
35 33
33 36
37 33
38 33
33 39
33 40
33 41
42 33
33 45
33 46
47 33
49 33
50 33
51 33
53 33
33 54
55 33
56 33
57 33
33 58
33 59
60 33
33 61
33 62
33 64
33 65
33 66
67 33
33 68
33 70
71 33
33 72
73 33
33 74
75 33
33 76
78 33
81 33
82 33
33 83
84 33
85 33
86 33
87 33
33 88
33 89
90 33
91 33
33 93
33 94
33 95
33 98
99 33
100 33
33 101
103 33
33 104
105 33
106 33
33 107
33 108
33 109
110 33
34 35
34 37
34 39
34 40
34 41
34 42
43 34
34 44
45 34
46 34
34 47
48 34
34 49
34 50
34 51
34 52
53 34
55 34
56 34
34 57
34 58
59 34
60 34
61 34
62 34
65 34
34 66
34 67
34 69
34 70
71 34
34 72
34 74
34 75
34 76
78 34
80 34
81 34
34 82
83 34
34 86
87 34
34 88
34 89
90 34
34 91
92 34
34 94
95 34
34 96
34 97
34 98
100 34
102 34
103 34
34 104
105 34
34 107
34 109
34 110
36 35
35 37
35 38
40 35
35 41
42 35
43 35
35 44
45 35
46 35
47 35
35 49
35 51
52 35
53 35
54 35
35 55
35 56
57 35
58 35
59 35
60 35
62 35
35 63
35 64
35 65
35 66
67 35
68 35
69 35
71 35
35 72
35 73
35 74
35 75
35 76
77 35
78 35
80 35
35 82
35 84
85 35
86 35
87 35
88 35
89 35
90 35
91 35
92 35
94 35
95 35
35 96
97 35
98 35
35 99
35 100
35 101
35 102
35 103
35 104
105 35
107 35
108 35
109 35
110 35
35 111
36 37
39 36
40 36
41 36
36 42
43 36
44 36
45 36
46 36
47 36
36 48
49 36
36 50
51 36
36 52
36 54
57 36
58 36
36 59
60 36
36 61
62 36
36 63
36 64
65 36
66 36
67 36
68 36
69 36
36 70
36 71
72 36
36 73
36 75
76 36
77 36
78 36
36 79
80 36
81 36
82 36
36 83
84 36
85 36
36 86
36 87
89 36
36 90
91 36
36 92
36 93
94 36
95 36
96 36
36 99
36 100
101 36
103 36
104 36
36 106
107 36
36 108
109 36
36 110
36 111
37 38
39 37
40 37
41 37
42 37
37 43
44 37
37 45
37 47
37 48
37 49
37 50
37 52
53 37
55 37
56 37
57 37
37 58
59 37
60 37
37 61
62 37
37 63
37 64
65 37
66 37
67 37
68 37
69 37
70 37
37 71
73 37
37 74
76 37
37 77
37 78
37 80
81 37
37 82
83 37
84 37
85 37
37 86
37 87
90 37
37 91
37 92
93 37
94 37
37 95
96 37
97 37
37 98
37 99
100 37
37 101
102 37
103 37
37 104
37 105
37 106
37 107
108 37
109 37
37 110
111 37
38 39
38 40
41 38
43 38
44 38
46 38
47 38
48 38
49 38
50 38
38 52
53 38
54 38
55 38
38 58
38 59
60 38
38 61
62 38
38 63
64 38
65 38
66 38
38 68
71 38
38 73
38 74
75 38
76 38
77 38
38 78
79 38
80 38
38 81
38 82
83 38
84 38
38 86
38 87
89 38
90 38
93 38
95 38
97 38
98 38
100 38
101 38
102 38
103 38
38 104
105 38
38 106
107 38
38 108
38 109
38 111
39 41
39 42
39 44
45 39
46 39
39 47
39 48
51 39
39 53
54 39
39 55
56 39
39 57
39 58
39 59
39 60
39 61
62 39
63 39
39 64
65 39
39 66
39 67
68 39
39 69
70 39
71 39
39 73
39 74
39 76
78 39
79 39
80 39
39 81
39 82
84 39
85 39
87 39
88 39
39 89
90 39
91 39
92 39
39 93
39 94
95 39
97 39
39 98
99 39
100 39
39 102
39 103
104 39
39 107
39 108
39 109
110 39
111 39
41 40
40 42
43 40
44 40
46 40
47 40
40 48
40 49
40 51
40 52
40 53
54 40
40 55
56 40
57 40
40 59
40 60
61 40
62 40
40 63
40 64
66 40
67 40
40 68
69 40
70 40
40 71
40 72
73 40
40 74
75 40
40 77
40 78
79 40
40 80
81 40
82 40
84 40
40 85
86 40
87 40
40 88
89 40
90 40
91 40
92 40
93 40
40 94
95 40
40 97
98 40
99 40
100 40
40 101
102 40
40 104
40 105
108 40
40 110
41 43
41 45
46 41
47 41
41 48
41 49
41 50
41 51
41 53
54 41
57 41
58 41
59 41
41 60
61 41
63 41
64 41
41 65
41 66
41 67
68 41
69 41
70 41
41 71
41 73
75 41
41 76
77 41
41 78
79 41
41 80
81 41
41 82
84 41
89 41
41 90
41 91
41 92
93 41
94 41
41 95
100 41
101 41
102 41
41 103
41 104
105 41
41 106
41 107
108 41
109 41
41 110
111 41
43 42
42 44
42 45
46 42
47 42
49 42
42 50
51 42
42 52
53 42
42 55
56 42
57 42
42 58
42 59
42 61
62 42
63 42
42 64
42 65
66 42
42 67
42 69
70 42
42 71
42 72
73 42
42 75
42 77
42 78
80 42
81 42
42 83
42 84
42 86
87 42
88 42
42 90
42 91
42 92
93 42
94 42
42 95
96 42
97 42
42 98
99 42
42 100
42 101
42 102
103 42
42 104
42 106
42 107
108 42
110 42
42 111
43 44
45 43
46 43
47 43
43 48
43 49
51 43
43 52
43 53
54 43
55 43
56 43
57 43
43 58
59 43
43 60
43 61
43 63
64 43
65 43
66 43
43 67
43 68
43 69
70 43
71 43
43 72
43 73
74 43
43 75
76 43
78 43
79 43
80 43
43 82
43 83
84 43
85 43
86 43
43 87
43 89
90 43
43 91
92 43
43 93
43 94
96 43
97 43
98 43
43 99
43 101
43 103
43 105
43 106
107 43
43 108
43 109
43 111
44 45
44 46
47 44
50 44
51 44
52 44
44 53
54 44
55 44
56 44
57 44
44 59
60 44
61 44
44 62
44 63
64 44
44 65
44 66
44 67
68 44
69 44
70 44
71 44
72 44
74 44
75 44
77 44
44 78
44 79
44 80
81 44
83 44
44 84
44 85
86 44
87 44
88 44
89 44
90 44
44 91
93 44
44 94
95 44
44 97
44 100
44 102
44 103
104 44
105 44
108 44
109 44
45 46
47 45
49 45
45 50
45 51
52 45
53 45
54 45
57 45
59 45
60 45
63 45
45 64
45 65
66 45
45 67
68 45
45 69
70 45
45 71
45 72
45 73
74 45
45 75
45 76
45 77
78 45
45 79
80 45
81 45
83 45
45 84
85 45
45 87
45 88
45 89
45 90
45 91
92 45
45 94
45 95
96 45
45 97
45 98
99 45
45 100
101 45
45 102
45 103
45 105
45 106
107 45
108 45
109 45
45 110
111 45
46 47
46 48
46 50
46 51
46 52
54 46
46 55
56 46
58 46
61 46
62 46
46 63
64 46
46 65
66 46
46 67
46 68
46 69
46 70
71 46
72 46
46 73
46 75
76 46
46 78
46 79
83 46
84 46
46 85
86 46
46 87
88 46
90 46
91 46
92 46
93 46
94 46
95 46
96 46
46 97
98 46
46 99
46 101
46 102
103 46
46 104
105 46
106 46
46 107
108 46
46 110
111 46
48 47
47 49
47 50
51 47
47 52
47 53
47 54
55 47
47 56
47 57
58 47
59 47
47 60
63 47
64 47
47 65
66 47
47 67
47 68
70 47
47 72
74 47
47 76
47 77
78 47
79 47
80 47
81 47
47 82
83 47
84 47
85 47
47 86
87 47
47 88
89 47
47 91
92 47
93 47
47 94
47 95
96 47
97 47
98 47
99 47
47 100
101 47
47 102
104 47
47 105
106 47
47 107
109 47
110 47
111 47
49 48
48 50
48 51
48 52
48 53
48 54
48 55
56 48
57 48
58 48
48 59
60 48
61 48
62 48
48 63
65 48
48 66
67 48
68 48
69 48
48 70
48 71
48 72
48 73
48 76
80 48
48 81
82 48
48 83
48 84
48 85
48 86
48 89
48 90
48 91
48 92
94 48
48 95
48 97
98 48
99 48
48 100
48 101
102 48
48 103
48 104
48 105
48 106
107 48
48 108
109 48
48 110
48 111
49 50
49 51
52 49
53 49
49 55
49 56
49 57
58 49
49 59
60 49
49 61
49 62
63 49
64 49
49 68
69 49
49 71
72 49
49 73
49 75
76 49
77 49
49 78
49 79
80 49
49 81
49 82
83 49
85 49
49 86
49 88
49 89
49 90
91 49
92 49
49 93
94 49
49 95
96 49
97 49
98 49
99 49
100 49
101 49
49 102
103 49
105 49
106 49
49 107
108 49
109 49
49 110
51 50
50 52
50 53
55 50
50 56
50 57
58 50
59 50
60 50
61 50
62 50
63 50
50 64
50 65
66 50
67 50
68 50
69 50
50 70
71 50
72 50
50 74
75 50
50 77
78 50
50 79
50 80
50 81
50 82
50 84
50 86
87 50
50 89
90 50
50 91
50 92
93 50
50 94
95 50
50 96
97 50
50 99
50 100
50 101
102 50
103 50
104 50
50 106
107 50
50 109
110 50
111 50
51 52
51 53
54 51
55 51
56 51
57 51
58 51
51 59
61 51
51 62
63 51
51 64
66 51
67 51
51 68
70 51
51 71
51 74
77 51
51 79
80 51
51 81
51 82
51 83
51 84
86 51
87 51
88 51
51 89
51 90
91 51
92 51
51 94
96 51
51 98
51 99
100 51
51 101
51 102
51 103
104 51
51 105
51 106
51 107
108 51
109 51
51 110
51 111
52 53
54 52
52 57
52 58
59 52
60 52
61 52
52 64
65 52
52 67
52 69
71 52
52 72
73 52
52 74
52 75
52 76
52 78
79 52
80 52
81 52
52 82
52 83
84 52
87 52
88 52
52 90
91 52
52 92
52 93
52 94
52 95
96 52
52 98
99 52
100 52
52 102
52 103
104 52
105 52
52 107
52 108
52 109
52 110
52 111
56 53
57 53
58 53
53 59
53 60
53 61
62 53
53 64
53 65
53 66
67 53
53 68
69 53
70 53
72 53
53 73
53 75
53 76
77 53
78 53
53 79
80 53
81 53
83 53
53 84
86 53
89 53
90 53
53 92
53 93
53 94
96 53
53 98
100 53
53 102
105 53
53 107
53 108
109 53
110 53
54 55
56 54
54 58
54 60
54 61
54 63
64 54
54 65
54 66
54 67
54 68
54 69
54 70
54 71
72 54
73 54
54 74
54 75
54 76
54 78
79 54
80 54
81 54
82 54
84 54
54 85
86 54
87 54
88 54
54 90
54 91
54 92
93 54
54 94
95 54
96 54
54 97
98 54
54 99
54 100
54 101
102 54
54 103
105 54
106 54
108 54
110 54
111 54
57 55
55 58
59 55
55 60
55 61
62 55
64 55
55 65
55 67
55 68
55 69
55 70
55 71
72 55
55 73
55 75
55 76
55 77
55 78
55 79
55 82
83 55
84 55
55 85
86 55
87 55
55 88
89 55
55 90
92 55
93 55
97 55
98 55
55 99
101 55
55 102
103 55
55 105
55 106
55 107
108 55
55 109
110 55
55 111
56 57
58 56
59 56
61 56
62 56
63 56
56 64
56 66
67 56
56 68
56 69
56 70
71 56
56 72
56 73
56 74
56 75
76 56
77 56
56 78
79 56
56 80
56 81
56 82
56 84
85 56
87 56
56 88
56 91
93 56
56 94
96 56
97 56
56 98
56 99
100 56
56 101
56 102
56 104
56 106
56 107
56 108
109 56
56 110
111 56
58 57
59 57
57 60
57 61
63 57
64 57
57 65
66 57
57 67
57 68
69 57
70 57
57 71
57 72
74 57
75 57
57 76
57 77
57 78
57 79
57 80
81 57
82 57
57 83
57 84
57 85
57 86
57 88
57 89
91 57
92 57
57 93
57 94
95 57
96 57
97 57
57 101
102 57
103 57
104 57
57 105
106 57
57 107
110 57
111 57
58 60
61 58
58 62
63 58
58 64
58 65
58 66
58 67
68 58
58 69
58 70
71 58
72 58
73 58
74 58
75 58
76 58
58 77
78 58
58 79
80 58
58 81
82 58
83 58
84 58
85 58
58 87
88 58
58 89
90 58
92 58
58 94
58 96
58 97
98 58
58 99
100 58
101 58
58 103
58 104
105 58
58 106
107 58
58 108
110 58
111 58
62 59
59 63
64 59
65 59
59 66
59 67
68 59
69 59
59 70
59 71
72 59
59 73
59 74
59 75
59 77
59 78
59 80
81 59
59 82
59 83
84 59
59 85
59 86
87 59
88 59
91 59
92 59
96 59
97 59
59 98
99 59
59 101
102 59
103 59
59 104
59 105
59 107
108 59
59 109
110 59
111 59
60 63
64 60
60 65
67 60
71 60
72 60
60 73
60 74
75 60
76 60
77 60
78 60
79 60
80 60
82 60
84 60
60 85
87 60
60 89
60 90
91 60
92 60
93 60
94 60
60 96
60 97
60 98
99 60
60 100
60 101
102 60
60 103
104 60
60 105
60 106
107 60
60 108
60 110
60 111
61 62
63 61
64 61
61 65
66 61
61 67
69 61
70 61
61 73
61 74
75 61
61 77
78 61
61 79
61 80
61 82
61 83
84 61
85 61
86 61
61 87
88 61
90 61
61 91
92 61
61 93
94 61
61 95
61 96
61 97
61 99
100 61
61 103
61 104
105 61
61 106
61 107
108 61
109 61
61 110
62 63
62 64
62 67
68 62
62 69
71 62
72 62
73 62
74 62
62 75
76 62
77 62
62 79
62 80
81 62
62 82
62 83
84 62
85 62
86 62
62 87
88 62
62 90
91 62
92 62
93 62
62 94
62 95
62 98
62 99
100 62
62 101
102 62
103 62
104 62
105 62
62 106
108 62
109 62
110 62
111 62
64 63
63 65
63 66
63 67
68 63
63 70
71 63
72 63
74 63
63 76
77 63
63 79
63 80
63 81
83 63
85 63
87 63
88 63
89 63
63 91
92 63
63 93
63 95
63 96
63 97
98 63
63 100
63 101
63 102
103 63
105 63
106 63
107 63
108 63
63 109
63 110
64 66
67 64
68 64
64 69
70 64
64 71
64 72
74 64
64 75
64 76
77 64
78 64
64 79
81 64
64 82
83 64
84 64
64 86
64 88
64 89
90 64
91 64
92 64
64 93
94 64
95 64
64 96
97 64
98 64
64 99
64 100
101 64
64 102
103 64
64 105
64 106
64 107
64 108
64 109
64 111
65 66
68 65
69 65
65 71
72 65
65 73
74 65
75 65
76 65
65 77
79 65
80 65
81 65
65 83
85 65
65 86
65 88
89 65
65 90
65 91
65 92
65 93
65 94
95 65
65 96
97 65
65 98
65 99
100 65
101 65
102 65
65 103
104 65
65 105
106 65
65 107
65 108
65 109
110 65
111 65
66 68
66 69
66 70
66 72
73 66
66 74
75 66
76 66
77 66
78 66
79 66
66 80
81 66
66 82
85 66
66 87
66 88
66 89
90 66
66 91
93 66
94 66
95 66
96 66
97 66
66 99
66 100
101 66
66 102
103 66
66 104
105 66
107 66
108 66
66 109
66 111
68 67
67 69
67 72
73 67
75 67
76 67
77 67
67 80
81 67
67 82
67 83
84 67
67 85
67 86
67 87
67 88
90 67
67 91
67 93
94 67
67 95
96 67
99 67
67 100
101 67
102 67
67 103
104 67
67 105
106 67
67 107
67 108
109 67
110 67
68 70
71 68
72 68
68 73
74 68
68 75
68 76
68 77
68 80
81 68
82 68
83 68
84 68
86 68
68 87
88 68
90 68
91 68
68 92
68 94
68 96
68 97
98 68
68 99
68 100
101 68
68 102
68 103
104 68
105 68
106 68
107 68
108 68
109 68
110 68
111 68
70 69
69 71
69 72
69 73
69 74
69 76
77 69
69 78
69 79
80 69
81 69
69 84
86 69
88 69
89 69
90 69
91 69
69 92
69 93
94 69
69 95
96 69
97 69
69 98
100 69
101 69
102 69
103 69
69 104
69 105
69 106
69 107
109 69
69 110
69 111
71 70
73 70
74 70
70 75
76 70
70 77
70 78
79 70
70 80
82 70
70 83
84 70
86 70
70 87
70 88
89 70
70 90
93 70
70 94
70 96
97 70
70 98
70 99
70 101
102 70
70 103
70 104
105 70
70 106
108 70
109 70
70 110
70 111
71 72
71 74
71 75
71 77
71 78
71 80
81 71
71 82
71 83
71 84
71 86
71 89
91 71
71 94
95 71
71 96
98 71
71 99
71 100
101 71
71 102
103 71
105 71
71 107
71 108
71 109
71 110
71 111
73 72
72 74
75 72
77 72
72 78
80 72
72 81
72 82
83 72
84 72
85 72
86 72
72 88
89 72
90 72
72 91
72 92
72 93
72 94
96 72
97 72
99 72
100 72
72 101
102 72
72 103
72 104
105 72
106 72
107 72
72 110
72 111
73 77
78 73
80 73
73 82
73 83
84 73
85 73
73 86
88 73
90 73
73 92
73 93
94 73
73 95
73 96
97 73
73 99
73 100
73 102
73 104
73 105
106 73
107 73
73 108
73 109
73 110
73 111
75 74
74 76
77 74
74 78
79 74
74 80
74 82
83 74
74 84
74 85
74 86
87 74
74 88
91 74
92 74
93 74
94 74
95 74
97 74
98 74
99 74
100 74
74 101
104 74
74 106
107 74
108 74
74 110
74 111
75 76
75 77
75 78
79 75
75 81
83 75
75 84
75 85
75 86
75 87
75 88
89 75
75 90
75 91
92 75
93 75
94 75
97 75
98 75
99 75
75 100
101 75
75 102
75 103
104 75
105 75
75 106
75 108
75 109
111 75
77 76
78 76
79 76
80 76
76 81
82 76
76 83
76 84
76 85
76 86
87 76
76 88
89 76
76 90
91 76
93 76
76 94
76 95
76 96
98 76
99 76
100 76
76 101
103 76
76 104
76 105
107 76
108 76
76 109
110 76
76 111
77 78
77 79
80 77
81 77
83 77
77 84
77 85
77 86
77 87
77 88
77 89
90 77
77 91
77 92
93 77
94 77
95 77
77 96
97 77
77 99
100 77
77 102
103 77
77 105
106 77
77 107
77 109
110 77
79 78
78 80
78 81
82 78
83 78
78 84
78 85
86 78
78 87
78 88
89 78
78 91
78 92
93 78
94 78
78 96
78 97
100 78
101 78
78 102
103 78
78 104
105 78
78 106
78 107
108 78
78 109
78 111
80 79
81 79
82 79
79 83
79 84
79 86
79 87
88 79
89 79
79 90
79 92
93 79
95 79
79 96
97 79
79 98
79 99
100 79
101 79
79 102
79 103
105 79
79 106
107 79
79 109
110 79
79 111
82 80
84 80
80 86
80 87
88 80
89 80
90 80
80 91
80 92
80 93
80 94
95 80
96 80
80 97
80 98
80 99
80 100
103 80
105 80
80 106
80 107
80 109
111 80
82 81
83 81
81 84
85 81
81 86
87 81
81 88
81 89
81 91
92 81
93 81
81 94
96 81
81 97
81 98
81 99
100 81
81 101
81 102
104 81
105 81
106 81
107 81
81 108
81 109
110 81
111 81
82 83
82 85
86 82
87 82
88 82
82 89
90 82
82 91
82 92
82 93
94 82
96 82
98 82
82 100
82 101
82 103
82 104
82 106
82 107
108 82
109 82
82 110
84 83
85 83
86 83
83 87
83 88
83 89
90 83
91 83
92 83
93 83
83 94
83 95
83 96
83 97
98 83
83 99
83 100
83 101
83 102
83 104
105 83
83 106
83 107
108 83
83 109
110 83
83 111
84 85
84 87
84 88
84 89
84 90
84 91
84 92
94 84
95 84
84 96
97 84
99 84
84 100
101 84
102 84
84 103
104 84
84 105
106 84
107 84
108 84
84 109
84 111
85 86
85 87
85 88
89 85
85 90
85 91
92 85
93 85
94 85
85 95
96 85
97 85
99 85
100 85
85 101
85 102
104 85
105 85
85 106
85 107
109 85
110 85
85 111
87 86
88 86
86 89
86 90
91 86
86 94
86 95
96 86
98 86
86 103
86 105
106 86
107 86
86 108
86 109
86 111
89 87
87 91
87 92
93 87
95 87
96 87
87 97
87 98
100 87
101 87
102 87
87 104
87 105
106 87
107 87
109 87
87 110
111 87
89 88
88 90
88 91
92 88
93 88
88 94
88 97
98 88
99 88
88 100
88 101
102 88
88 104
88 105
106 88
107 88
108 88
88 110
111 88
90 89
91 89
89 95
96 89
89 97
89 99
89 102
103 89
104 89
89 105
106 89
107 89
89 108
109 89
110 89
111 89
91 90
90 92
93 90
95 90
90 96
90 97
90 98
99 90
100 90
90 101
90 103
104 90
90 105
90 106
107 90
108 90
109 90
90 110
90 111
92 91
91 93
94 91
95 91
96 91
97 91
91 98
91 99
91 100
103 91
91 104
91 105
106 91
91 107
91 108
91 110
111 91
92 94
96 92
97 92
92 98
99 92
100 92
102 92
92 105
92 106
107 92
108 92
109 92
110 92
92 111
93 94
93 95
96 93
93 97
93 98
99 93
101 93
93 102
104 93
105 93
93 106
93 107
93 108
109 93
93 110
111 93
95 94
96 94
98 94
94 99
100 94
102 94
103 94
94 104
105 94
106 94
94 108
94 109
110 94
111 94
96 95
98 95
95 99
100 95
95 101
102 95
104 95
95 105
95 106
95 108
95 110
111 95
96 98
99 96
96 100
101 96
96 104
106 96
107 96
96 110
96 111
97 98
97 99
97 100
101 97
97 102
97 103
97 106
107 97
97 108
109 97
97 110
111 97
99 98
101 98
102 98
98 103
98 104
105 98
106 98
107 98
98 108
109 98
98 110
100 99
99 101
103 99
99 104
105 99
106 99
108 99
109 99
99 110
99 111
100 101
100 102
103 100
100 104
105 100
100 107
108 100
111 100
103 101
104 101
105 101
106 101
101 108
101 110
101 111
103 102
102 104
106 102
108 102
110 102
111 102
104 103
103 106
103 109
110 103
103 111
104 105
104 106
107 104
108 104
109 104
110 104
111 104
105 106
107 105
105 108
105 110
106 107
108 106
109 106
106 110
106 111
108 107
109 107
107 110
111 107
108 109
108 111
110 109
109 111
111 110
0 0