2
1000 1000  700 441
982 1 931
8 2 906
614 3 919
167 4 957
925 5 939
103 6 949
530 7 977
807 8 949
414 9 916
673 10 937
430 11 913
611 12 980
414 13 937
914 14 961
999 15 984
773 16 992
372 17 901
296 18 915
465 19 957
525 20 912
798 21 900
644 22 912
646 23 913
238 24 974
947 25 969
463 26 961
956 27 922
773 28 920
22 29 942
722 30 999
773 31 909
548 32 928
840 33 925
930 34 930
641 35 901
107 36 961
95 37 965
465 38 919
294 39 971
497 40 902
83 41 994
631 42 987
219 43 983
81 44 985
124 45 918
807 46 985
918 47 908
460 48 958
605 49 909
530 50 909
842 51 922
42 52 904
105 53 962
407 54 943
457 55 973
239 56 941
969 57 929
602 58 984
32 59 920
823 60 945
69 61 995
89 62 919
129 63 930
296 64 973
927 65 968
807 66 917
417 67 976
224 68 999
737 69 949
567 70 922
583 71 985
681 72 986
751 73 924
2 74 928
673 75 962
259 76 928
824 77 952
530 78 924
160 79 959
151 80 953
178 81 983
424 82 908
331 83 957
723 84 928
987 85 994
509 86 928
441 87 970
812 88 930
308 89 959
407 90 952
427 91 944
205 92 922
180 93 923
807 94 989
602 95 947
680 96 934
286 97 980
354 98 961
660 99 900
498 100 903
820 101 996
578 102 983
62 103 942
940 104 990
54 105 923
773 106 932
354 107 935
225 108 964
209 109 934
706 110 976
86 111 975
403 112 952
464 113 961
726 114 900
521 115 952
690 116 989
930 117 976
823 118 964
791 119 907
318 120 900
798 121 921
259 122 994
354 123 921
754 124 945
955 125 904
103 126 988
726 127 976
296 128 987
195 129 915
375 130 986
231 131 935
31 132 913
902 133 934
499 134 910
673 135 904
481 136 992
290 137 911
837 138 909
140 139 908
644 140 945
967 141 905
799 142 939
459 143 942
520 144 907
459 145 949
334 146 989
435 147 901
550 148 984
409 149 925
849 150 983
817 151 998
782 152 989
51 153 990
637 154 974
337 155 919
514 156 955
861 157 973
206 158 953
399 159 973
397 160 931
474 161 962
410 162 939
58 163 908
58 164 976
8 165 987
510 166 938
828 167 987
669 168 995
797 169 914
632 170 990
603 171 984
581 172 950
193 173 925
125 174 950
793 175 1000
912 176 947
269 177 924
602 178 914
631 179 913
58 180 981
602 181 936
389 182 964
737 183 950
894 184 913
303 185 990
357 186 980
521 187 912
479 188 942
875 189 993
380 190 942
146 191 998
223 192 984
710 193 930
827 194 900
337 195 930
406 196 979
947 197 982
303 198 998
38 199 953
500 200 905
254 201 902
89 202 924
440 203 902
875 204 900
899 205 956
422 206 982
671 207 952
644 208 995
296 209 929
379 210 941
990 211 984
924 212 969
504 213 971
149 214 994
641 215 907
438 216 952
474 217 973
997 218 993
16 219 965
933 220 939
458 221 928
516 222 951
205 223 922
958 224 955
957 225 968
194 226 949
410 227 908
899 228 977
759 229 921
47 230 900
767 231 913
116 232 963
828 233 926
698 234 973
711 235 934
259 236 957
646 237 929
690 238 920
304 239 937
81 240 956
565 241 921
558 242 951
290 243 962
516 244 967
31 245 987
641 246 922
34 247 983
698 248 919
235 249 914
791 250 937
179 251 957
450 252 969
993 253 976
767 254 972
455 255 950
540 256 967
750 257 915
222 258 1000
254 259 929
262 260 900
585 261 903
316 262 971
420 263 957
114 264 984
325 265 986
624 266 930
333 267 934
758 268 958
302 269 984
875 270 957
156 271 995
602 272 984
988 273 956
322 274 1000
151 275 996
428 276 934
285 277 1000
542 278 996
239 279 937
463 280 937
90 281 976
602 282 965
830 283 946
602 284 918
530 285 984
88 286 942
871 287 984
277 288 990
615 289 983
540 290 960
135 291 967
155 292 908
163 293 948
991 294 915
580 295 937
189 296 920
371 297 954
278 298 917
909 299 976
749 300 991
409 301 911
224 302 971
875 303 964
203 305 997
428 306 959
260 307 978
909 308 943
579 309 903
204 310 946
656 311 947
533 312 952
406 313 979
855 314 974
448 315 921
308 316 934
889 317 947
357 318 970
62 319 932
548 320 961
152 321 980
641 322 924
139 323 999
794 324 975
690 325 957
887 326 972
925 327 953
469 328 908
308 329 992
354 330 973
279 331 977
55 332 953
614 333 918
284 334 983
820 335 940
76 336 981
304 337 944
428 338 962
679 339 994
58 340 930
259 341 974
950 342 945
894 343 979
852 344 942
394 345 994
304 346 974
828 347 924
738 348 966
663 349 951
692 350 928
373 351 953
25 352 942
602 353 973
89 354 901
296 355 990
763 356 930
631 357 920
823 358 915
756 359 917
499 360 914
108 361 995
958 362 919
575 363 912
737 364 987
116 365 929
601 366 985
428 367 961
392 368 977
149 369 942
224 370 944
58 371 931
660 372 995
135 373 944
87 374 994
525 375 908
749 376 955
657 377 945
146 378 919
456 379 974
648 380 989
363 381 975
796 382 922
192 383 989
338 384 1000
440 385 979
414 386 950
807 387 904
843 388 934
559 389 976
129 390 953
480 391 933
435 392 956
83 393 932
138 394 934
476 395 922
308 396 923
42 397 916
316 398 915
540 399 929
663 400 919
25 401 934
137 402 963
31 403 998
39 404 927
367 405 987
540 406 964
424 407 966
999 408 949
918 409 962
303 410 929
65 411 929
807 412 976
47 413 901
548 414 958
799 415 920
662 416 972
222 417 945
254 418 934
22 419 948
304 420 927
296 421 966
516 422 904
614 423 1000
179 424 992
1000 425 932
266 426 920
990 427 998
424 428 998
924 429 912
638 430 992
556 431 906
82 432 998
598 433 953
468 434 925
395 435 974
32 436 989
951 437 973
212 438 975
559 439 996
424 440 930
631 440 957
395 442 915
803 443 991
948 444 993
829 445 922
677 446 909
428 447 994
832 448 951
465 449 953
171 450 934
344 451 977
160 452 944
604 453 986
631 454 917
25 455 917
58 456 961
988 457 913
115 458 937
550 459 909
644 460 957
672 461 960
517 462 951
530 463 913
838 464 973
105 465 951
889 466 939
352 467 991
644 468 917
387 469 979
517 470 954
920 471 930
252 472 919
812 473 927
22 474 991
797 475 974
909 476 950
617 477 907
556 478 980
105 479 935
567 480 965
988 481 989
974 482 928
457 483 986
882 484 935
806 485 999
690 486 918
197 487 923
498 488 905
868 489 996
56 490 994
945 491 945
152 492 943
980 493 955
918 494 984
351 495 929
807 496 994
925 497 918
204 498 900
254 499 981
723 500 980
743 501 961
941 502 969
331 503 929
988 504 927
648 505 994
868 506 916
468 507 928
42 508 986
187 509 965
660 510 965
993 511 918
655 512 937
942 513 942
544 514 901
604 515 933
738 516 959
516 517 904
845 518 923
722 519 944
334 520 983
304 521 941
456 522 904
164 523 937
354 524 923
116 525 912
393 526 947
580 527 954
197 528 913
172 529 952
909 530 988
717 531 922
875 532 904
875 533 961
192 534 905
986 535 970
491 536 901
593 537 976
969 538 997
929 539 928
641 540 933
974 541 952
304 542 941
882 543 911
532 544 938
766 545 987
282 546 924
713 547 942
602 548 900
925 549 941
22 550 998
872 551 948
439 552 953
2 553 998
145 554 910
820 555 905
532 556 909
135 557 976
172 558 987
823 559 930
90 560 998
797 561 954
714 562 993
387 563 906
231 564 902
521 565 962
118 566 970
279 567 980
256 568 930
552 569 964
882 570 989
317 571 973
263 572 990
625 573 994
854 574 965
171 575 982
372 576 962
836 577 926
809 578 936
268 579 900
881 580 900
25 581 924
508 582 934
75 583 988
329 584 916
49 585 924
510 586 925
222 587 943
279 588 930
108 589 961
47 590 986
282 591 966
181 592 902
111 593 961
441 594 932
521 595 907
16 596 930
991 597 917
396 598 954
207 599 962
889 600 969
195 601 956
644 602 953
875 603 981
550 604 950
1000 605 991
559 606 926
941 607 915
219 608 991
591 609 905
668 610 918
941 611 987
349 612 989
389 613 949
195 614 990
86 615 926
294 616 914
41 617 969
813 618 908
167 619 961
655 620 931
603 621 939
887 622 929
880 623 995
304 624 984
202 625 957
641 626 958
302 627 993
465 628 975
232 629 973
270 630 921
909 631 990
498 632 918
398 633 952
849 634 918
417 635 997
274 636 974
646 637 923
160 638 996
74 639 909
660 640 982
308 641 903
605 642 903
808 643 956
641 644 975
614 645 903
862 646 952
234 647 949
782 648 929
7 649 987
410 650 956
426 651 970
954 652 949
832 653 987
87 654 943
209 655 914
64 656 932
58 657 940
404 658 967
124 659 959
807 660 989
729 661 931
104 662 967
212 663 915
203 664 933
303 665 905
187 666 985
924 667 932
50 668 967
62 669 911
184 670 913
806 671 932
941 672 946
308 673 911
281 674 990
269 675 908
436 676 940
145 677 906
604 678 941
534 679 936
257 680 987
82 681 916
273 682 945
710 683 926
754 684 977
953 685 985
863 686 971
948 687 914
83 688 908
73 689 902
62 690 998
230 691 978
764 692 907
780 693 944
102 694 903
178 695 959
583 696 926
911 697 969
887 698 920
352 699 987
774 700 944
272 701 944
611 702 922
832 703 997
236 704 975
791 705 970
322 706 953
642 707 932
754 708 905
996 709 941
723 710 991
967 711 952
559 712 914
236 713 921
940 714 971
660 715 920
25 716 992
644 717 952
282 718 962
450 719 931
528 720 973
542 721 982
648 722 957
450 723 909
492 724 938
316 725 934
94 726 970
527 727 938
341 728 930
520 729 923
424 730 920
954 731 972
189 732 964
641 733 947
586 734 968
565 735 914
389 736 984
414 737 966
18 738 981
995 739 948
121 740 934
195 741 939
17 742 997
318 743 903
148 744 948
874 745 941
556 746 904
239 747 981
150 748 983
387 749 967
323 750 978
637 751 926
419 752 942
35 753 909
337 754 956
375 755 987
969 756 931
349 757 960
515 758 901
116 759 965
891 760 927
678 761 976
750 762 911
476 763 923
788 764 922
421 765 928
875 766 911
424 767 974
221 768 910
761 769 998
632 770 926
519 771 935
709 772 924
690 773 970
679 774 978
574 775 997
603 776 902
387 777 965
502 778 956
627 779 918
896 780 901
300 781 990
90 782 920
124 783 1000
402 784 986
983 785 923
293 786 987
296 787 987
902 788 932
155 789 1000
673 790 906
205 791 949
284 792 939
156 793 938
561 794 938
328 795 961
210 796 941
701 797 943
209 798 943
159 799 915
730 800 945
560 801 986
457 802 997
862 803 952
107 804 924
561 805 952
254 806 996
441 807 928
873 808 979
106 809 958
91 810 917
494 811 922
844 812 996
160 813 958
105 814 953
759 815 926
879 816 983
337 817 928
767 818 944
547 819 913
246 820 906
181 821 944
944 822 970
602 823 977
976 824 922
811 825 967
414 826 946
212 827 939
823 828 969
73 829 941
77 830 949
674 831 959
337 832 980
416 833 921
329 834 976
21 835 934
302 836 901
741 837 952
273 838 984
266 839 925
556 840 939
111 841 961
29 842 915
456 843 926
195 844 945
55 845 902
638 846 952
260 847 968
58 848 968
397 849 964
456 850 986
179 851 994
187 852 924
679 853 975
486 854 941
225 855 983
114 856 921
210 857 964
480 858 979
637 859 974
227 860 925
559 861 937
178 862 917
124 863 960
414 864 932
17 865 901
712 866 953
62 867 1000
354 868 991
773 869 941
439 870 987
969 871 970
445 872 933
29 873 907
9 874 908
641 875 953
558 876 963
386 877 914
530 878 954
303 879 922
499 880 998
189 881 948
848 882 998
248 883 970
140 884 991
352 885 953
426 886 966
323 887 915
236 888 909
213 889 948
217 890 925
912 891 984
896 892 994
192 893 910
751 894 1000
103 895 982
171 896 974
128 897 972
7 898 922
18 899 976
625 900 949
199 901 919
725 902 954
562 903 965
832 904 943
205 905 923
217 906 989
200 907 900
523 908 978
521 909 933
167 910 959
243 911 912
480 912 928
877 913 915
151 914 947
4 915 926
866 916 902
749 917 952
924 918 983
547 919 924
213 920 916
561 921 903
855 922 902
859 923 976
510 924 961
457 925 959
602 926 921
189 927 933
624 928 957
73 929 959
205 930 972
43 931 943
649 932 941
592 933 964
356 934 922
894 935 995
788 936 916
918 937 915
754 938 977
528 939 917
582 940 923
179 941 955
829 942 1000
223 943 904
29 944 902
863 945 938
650 946 910
62 947 957
116 948 996
614 949 981
208 950 954
8 951 990
981 952 998
422 953 918
204 954 977
209 955 928
944 956 900
476 957 902
246 958 948
925 959 998
22 960 999
276 961 903
899 962 964
858 963 978
362 964 905
675 965 982
95 966 919
83 967 912
822 968 959
646 969 936
997 970 932
604 971 946
32 972 959
212 973 934
212 974 969
679 975 927
450 976 946
763 977 995
877 978 959
462 979 963
212 980 985
508 981 922
465 982 921
788 983 935
761 984 901
274 985 972
22 986 945
504 987 976
164 988 908
314 989 919
556 990 952
189 991 941
62 992 951
437 993 983
173 994 973
54 995 975
971 996 900
94 997 982
58 998 950
115 999 905
763 1000 926
669 925 950

1000 1000 5 700
982 1 931
8 2 906
614 3 919
167 4 957
925 5 939
103 6 949
530 7 977
807 8 949
414 9 916
673 10 937
430 11 913
611 12 980
414 13 937
914 14 961
999 15 984
773 16 992
372 17 901
296 18 915
465 19 957
525 20 912
798 21 900
644 22 912
646 23 913
238 24 974
947 25 969
463 26 961
956 27 922
773 28 920
22 29 942
722 30 999
773 31 909
548 32 928
840 33 925
930 34 930
641 35 901
107 36 961
95 37 965
465 38 919
294 39 971
497 40 902
83 41 994
631 42 987
219 43 983
81 44 985
124 45 918
807 46 985
918 47 908
460 48 958
605 49 909
530 50 909
842 51 922
42 52 904
105 53 962
407 54 943
457 55 973
239 56 941
969 57 929
602 58 984
32 59 920
823 60 945
69 61 995
89 62 919
129 63 930
296 64 973
927 65 968
807 66 917
417 67 976
224 68 999
737 69 949
567 70 922
583 71 985
681 72 986
751 73 924
2 74 928
673 75 962
259 76 928
824 77 952
530 78 924
160 79 959
151 80 953
178 81 983
424 82 908
331 83 957
723 84 928
987 85 994
509 86 928
441 87 970
812 88 930
308 89 959
407 90 952
427 91 944
205 92 922
180 93 923
807 94 989
602 95 947
680 96 934
286 97 980
354 98 961
660 99 900
498 100 903
820 101 996
578 102 983
62 103 942
940 104 990
54 105 923
773 106 932
354 107 935
225 108 964
209 109 934
706 110 976
86 111 975
403 112 952
464 113 961
726 114 900
521 115 952
690 116 989
930 117 976
823 118 964
791 119 907
318 120 900
798 121 921
259 122 994
354 123 921
754 124 945
955 125 904
103 126 988
726 127 976
296 128 987
195 129 915
375 130 986
231 131 935
31 132 913
902 133 934
499 134 910
673 135 904
481 136 992
290 137 911
837 138 909
140 139 908
644 140 945
967 141 905
799 142 939
459 143 942
520 144 907
459 145 949
334 146 989
435 147 901
550 148 984
409 149 925
849 150 983
817 151 998
782 152 989
51 153 990
637 154 974
337 155 919
514 156 955
861 157 973
206 158 953
399 159 973
397 160 931
474 161 962
410 162 939
58 163 908
58 164 976
8 165 987
510 166 938
828 167 987
669 168 995
797 169 914
632 170 990
603 171 984
581 172 950
193 173 925
125 174 950
793 175 1000
912 176 947
269 177 924
602 178 914
631 179 913
58 180 981
602 181 936
389 182 964
737 183 950
894 184 913
303 185 990
357 186 980
521 187 912
479 188 942
875 189 993
380 190 942
146 191 998
223 192 984
710 193 930
827 194 900
337 195 930
406 196 979
947 197 982
303 198 998
38 199 953
500 200 905
254 201 902
89 202 924
440 203 902
875 204 900
899 205 956
422 206 982
671 207 952
644 208 995
296 209 929
379 210 941
990 211 984
924 212 969
504 213 971
149 214 994
641 215 907
438 216 952
474 217 973
997 218 993
16 219 965
933 220 939
458 221 928
516 222 951
205 223 922
958 224 955
957 225 968
194 226 949
410 227 908
899 228 977
759 229 921
47 230 900
767 231 913
116 232 963
828 233 926
698 234 973
711 235 934
259 236 957
646 237 929
690 238 920
304 239 937
81 240 956
565 241 921
558 242 951
290 243 962
516 244 967
31 245 987
641 246 922
34 247 983
698 248 919
235 249 914
791 250 937
179 251 957
450 252 969
993 253 976
767 254 972
455 255 950
540 256 967
750 257 915
222 258 1000
254 259 929
262 260 900
585 261 903
316 262 971
420 263 957
114 264 984
325 265 986
624 266 930
333 267 934
758 268 958
302 269 984
875 270 957
156 271 995
602 272 984
988 273 956
322 274 1000
151 275 996
428 276 934
285 277 1000
542 278 996
239 279 937
463 280 937
90 281 976
602 282 965
830 283 946
602 284 918
530 285 984
88 286 942
871 287 984
277 288 990
615 289 983
540 290 960
135 291 967
155 292 908
163 293 948
991 294 915
580 295 937
189 296 920
371 297 954
278 298 917
909 299 976
749 300 991
409 301 911
224 302 971
875 303 964
203 305 997
428 306 959
260 307 978
909 308 943
579 309 903
204 310 946
656 311 947
533 312 952
406 313 979
855 314 974
448 315 921
308 316 934
889 317 947
357 318 970
62 319 932
548 320 961
152 321 980
641 322 924
139 323 999
794 324 975
690 325 957
887 326 972
925 327 953
469 328 908
308 329 992
354 330 973
279 331 977
55 332 953
614 333 918
284 334 983
820 335 940
76 336 981
304 337 944
428 338 962
679 339 994
58 340 930
259 341 974
950 342 945
894 343 979
852 344 942
394 345 994
304 346 974
828 347 924
738 348 966
663 349 951
692 350 928
373 351 953
25 352 942
602 353 973
89 354 901
296 355 990
763 356 930
631 357 920
823 358 915
756 359 917
499 360 914
108 361 995
958 362 919
575 363 912
737 364 987
116 365 929
601 366 985
428 367 961
392 368 977
149 369 942
224 370 944
58 371 931
660 372 995
135 373 944
87 374 994
525 375 908
749 376 955
657 377 945
146 378 919
456 379 974
648 380 989
363 381 975
796 382 922
192 383 989
338 384 1000
440 385 979
414 386 950
807 387 904
843 388 934
559 389 976
129 390 953
480 391 933
435 392 956
83 393 932
138 394 934
476 395 922
308 396 923
42 397 916
316 398 915
540 399 929
663 400 919
25 401 934
137 402 963
31 403 998
39 404 927
367 405 987
540 406 964
424 407 966
999 408 949
918 409 962
303 410 929
65 411 929
807 412 976
47 413 901
548 414 958
799 415 920
662 416 972
222 417 945
254 418 934
22 419 948
304 420 927
296 421 966
516 422 904
614 423 1000
179 424 992
1000 425 932
266 426 920
990 427 998
424 428 998
924 429 912
638 430 992
556 431 906
82 432 998
598 433 953
468 434 925
395 435 974
32 436 989
951 437 973
212 438 975
559 439 996
424 440 930
631 441 957
395 442 915
803 443 991
948 444 993
829 445 922
677 446 909
428 447 994
832 448 951
465 449 953
171 450 934
344 451 977
160 452 944
604 453 986
631 454 917
25 455 917
58 456 961
988 457 913
115 458 937
550 459 909
644 460 957
672 461 960
517 462 951
530 463 913
838 464 973
105 465 951
889 466 939
352 467 991
644 468 917
387 469 979
517 470 954
920 471 930
252 472 919
812 473 927
22 474 991
797 475 974
909 476 950
617 477 907
556 478 980
105 479 935
567 480 965
988 481 989
974 482 928
457 483 986
882 484 935
806 485 999
690 486 918
197 487 923
498 488 905
868 489 996
56 490 994
945 491 945
152 492 943
980 493 955
918 494 984
351 495 929
807 496 994
925 497 918
204 498 900
254 499 981
723 500 980
743 501 961
941 502 969
331 503 929
988 504 927
648 505 994
868 506 916
468 507 928
42 508 986
187 509 965
660 510 965
993 511 918
655 512 937
942 513 942
544 514 901
604 515 933
738 516 959
516 517 904
845 518 923
722 519 944
334 520 983
304 521 941
456 522 904
164 523 937
354 524 923
116 525 912
393 526 947
580 527 954
197 528 913
172 529 952
909 530 988
717 531 922
875 532 904
875 533 961
192 534 905
986 535 970
491 536 901
593 537 976
969 538 997
929 539 928
641 540 933
974 541 952
304 542 941
882 543 911
532 544 938
766 545 987
282 546 924
713 547 942
602 548 900
925 549 941
22 550 998
872 551 948
439 552 953
2 553 998
145 554 910
820 555 905
532 556 909
135 557 976
172 558 987
823 559 930
90 560 998
797 561 954
714 562 993
387 563 906
231 564 902
521 565 962
118 566 970
279 567 980
256 568 930
552 569 964
882 570 989
317 571 973
263 572 990
625 573 994
854 574 965
171 575 982
372 576 962
836 577 926
809 578 936
268 579 900
881 580 900
25 581 924
508 582 934
75 583 988
329 584 916
49 585 924
510 586 925
222 587 943
279 588 930
108 589 961
47 590 986
282 591 966
181 592 902
111 593 961
441 594 932
521 595 907
16 596 930
991 597 917
396 598 954
207 599 962
889 600 969
195 601 956
644 602 953
875 603 981
550 604 950
1000 605 991
559 606 926
941 607 915
219 608 991
591 609 905
668 610 918
941 611 987
349 612 989
389 613 949
195 614 990
86 615 926
294 616 914
41 617 969
813 618 908
167 619 961
655 620 931
603 621 939
887 622 929
880 623 995
304 624 984
202 625 957
641 626 958
302 627 993
465 628 975
232 629 973
270 630 921
909 631 990
498 632 918
398 633 952
849 634 918
417 635 997
274 636 974
646 637 923
160 638 996
74 639 909
660 640 982
308 641 903
605 642 903
808 643 956
641 644 975
614 645 903
862 646 952
234 647 949
782 648 929
7 649 987
410 650 956
426 651 970
954 652 949
832 653 987
87 654 943
209 655 914
64 656 932
58 657 940
404 658 967
124 659 959
807 660 989
729 661 931
104 662 967
212 663 915
203 664 933
303 665 905
187 666 985
924 667 932
50 668 967
62 669 911
184 670 913
806 671 932
941 672 946
308 673 911
281 674 990
269 675 908
436 676 940
145 677 906
604 678 941
534 679 936
257 680 987
82 681 916
273 682 945
710 683 926
754 684 977
953 685 985
863 686 971
948 687 914
83 688 908
73 689 902
62 690 998
230 691 978
764 692 907
780 693 944
102 694 903
178 695 959
583 696 926
911 697 969
887 698 920
352 699 987
774 700 944
272 701 944
611 702 922
832 703 997
236 704 975
791 705 970
322 706 953
642 707 932
754 708 905
996 709 941
723 710 991
967 711 952
559 712 914
236 713 921
940 714 971
660 715 920
25 716 992
644 717 952
282 718 962
450 719 931
528 720 973
542 721 982
648 722 957
450 723 909
492 724 938
316 725 934
94 726 970
527 727 938
341 728 930
520 729 923
424 730 920
954 731 972
189 732 964
641 733 947
586 734 968
565 735 914
389 736 984
414 737 966
18 738 981
995 739 948
121 740 934
195 741 939
17 742 997
318 743 903
148 744 948
874 745 941
556 746 904
239 747 981
150 748 983
387 749 967
323 750 978
637 751 926
419 752 942
35 753 909
337 754 956
375 755 987
969 756 931
349 757 960
515 758 901
116 759 965
891 760 927
678 761 976
750 762 911
476 763 923
788 764 922
421 765 928
875 766 911
424 767 974
221 768 910
761 769 998
632 770 926
519 771 935
709 772 924
690 773 970
679 774 978
574 775 997
603 776 902
387 777 965
502 778 956
627 779 918
896 780 901
300 781 990
90 782 920
124 783 1000
402 784 986
983 785 923
293 786 987
296 787 987
902 788 932
155 789 1000
673 790 906
205 791 949
284 792 939
156 793 938
561 794 938
328 795 961
210 796 941
701 797 943
209 798 943
159 799 915
730 800 945
560 801 986
457 802 997
862 803 952
107 804 924
561 805 952
254 806 996
441 807 928
873 808 979
106 809 958
91 810 917
494 811 922
844 812 996
160 813 958
105 814 953
759 815 926
879 816 983
337 817 928
767 818 944
547 819 913
246 820 906
181 821 944
944 822 970
602 823 977
976 824 922
811 825 967
414 826 946
212 827 939
823 828 969
73 829 941
77 830 949
674 831 959
337 832 980
416 833 921
329 834 976
21 835 934
302 836 901
741 837 952
273 838 984
266 839 925
556 840 939
111 841 961
29 842 915
456 843 926
195 844 945
55 845 902
638 846 952
260 847 968
58 848 968
397 849 964
456 850 986
179 851 994
187 852 924
679 853 975
486 854 941
225 855 983
114 856 921
210 857 964
480 858 979
637 859 974
227 860 925
559 861 937
178 862 917
124 863 960
414 864 932
17 865 901
712 866 953
62 867 1000
354 868 991
773 869 941
439 870 987
969 871 970
445 872 933
29 873 907
9 874 908
641 875 953
558 876 963
386 877 914
530 878 954
303 879 922
499 880 998
189 881 948
848 882 998
248 883 970
140 884 991
352 885 953
426 886 966
323 887 915
236 888 909
213 889 948
217 890 925
912 891 984
896 892 994
192 893 910
751 894 1000
103 895 982
171 896 974
128 897 972
7 898 922
18 899 976
625 900 949
199 901 919
725 902 954
562 903 965
832 904 943
205 905 923
217 906 989
200 907 900
523 908 978
521 909 933
167 910 959
243 911 912
480 912 928
877 913 915
151 914 947
4 915 926
866 916 902
749 917 952
924 918 983
547 919 924
213 920 916
561 921 903
855 922 902
859 923 976
510 924 961
457 925 959
602 926 921
189 927 933
624 928 957
73 929 959
205 930 972
43 931 943
649 932 941
592 933 964
356 934 922
894 935 995
788 936 916
918 937 915
754 938 977
528 939 917
582 940 923
179 941 955
829 942 1000
223 943 904
29 944 902
863 945 938
650 946 910
62 947 957
116 948 996
614 949 981
208 950 954
8 951 990
981 952 998
422 953 918
204 954 977
209 955 928
944 956 900
476 957 902
246 958 948
925 959 998
22 960 999
276 961 903
899 962 964
858 963 978
362 964 905
675 965 982
95 966 919
83 967 912
822 968 959
646 969 936
997 970 932
604 971 946
32 972 959
212 973 934
212 974 969
679 975 927
450 976 946
763 977 995
877 978 959
462 979 963
212 980 985
508 981 922
465 982 921
788 983 935
761 984 901
274 985 972
22 986 945
504 987 976
164 988 908
314 989 919
556 990 952
189 991 941
62 992 951
437 993 983
173 994 973
54 995 975
971 996 900
94 997 982
58 998 950
115 999 905
763 1000 926
669 925 950
