100 100 150
18 36
76 30
62 71
83 58
3 53
15 78
72 91
14 57
74 47
95 40
86 59
88 10
20 42
33 29
26 13
3 83
24 39
35 20
28 34
32 53
1 21
88 100
76 57
85 98
78 60
55 31
63 98
88 41
8 90
4 41
53 95
93 7
3 88
66 65
29 81
17 29
85 47
3 32
36 77
99 67
78 99
80 27
19 39
50 39
60 13
44 94
86 4
10 95
9 9
22 43
85 66
33 96
8 56
4 13
79 10
73 35
26 53
3 65
82 2
96 32
18 53
85 32
31 65
94 62
42 16
14 93
69 45
32 63
2 93
27 24
52 87
38 62
39 74
92 73
94 90
65 73
48 1
52 22
63 44
32 80
84 36
44 80
94 92
75 4
69 9
58 53
47 33
30 40
94 59
91 29
31 77
50 87
61 2
30 34
48 41
70 2
54 55
19 44
37 82
46 95
29 23
17 33
53 7
7 20
21 85
78 39
57 56
53 10
93 80
28 90
42 8
81 72
82 89
10 34
64 16
75 66
78 74
49 83
75 96
48 28
3 66
22 9
73 13
7 1
84 89
67 61
15 60
1 5
90 12
3 96
91 72
25 22
28 86
43 43
39 4
18 30
92 99
75 3
86 63
34 39
38 6
40 88
59 82
58 66
86 7
35 25
1 44
1 49
55 30
15 43