3
549 30 36
0 60 85 54 84 42 62 64 38 43 29 89 5 96 27 38 47 79 81 52 47 56 39 92 83 7 33 8 64 2 
36 83 95 77 14 87 87 97 47 79 80 46 52 78 67 11 72 63 58 14 53 94 75 52 10 41 47 26 18 77 73 45 21 56 13 1 
32 61 14 61 22 61 38 94 90 68 44 35 61 43 90 69 9 6 96 66 65 67 17 21 35 12 75 31 60 36 32 57 3 43 63 98 
95 10 65 20 63 16 99 65 58 25 41 46 47 24 62 15 33 11 67 65 31 13 77 19 94 36 66 82 1 9 62 83 67 9 97 97 
87 46 50 97 5 60 45 73 1 3 44 28 97 12 35 29 48 11 68 31 88 41 91 6 21 69 56 56 86 26 50 52 91 9 92 57 
8 92 27 31 0 66 84 13 64 71 84 28 26 18 39 58 55 2 16 82 36 0 14 67 56 27 70 73 28 96 43 24 75 57 39 59 
89 57 63 22 89 95 68 44 44 84 97 69 11 29 76 81 41 39 67 88 24 58 31 88 96 69 58 72 65 50 53 95 23 64 39 42 
61 60 47 1 47 30 71 66 28 29 38 61 74 42 87 13 10 29 9 56 35 59 55 57 3 65 96 65 32 43 22 89 14 36 9 43 
98 89 26 80 53 70 44 10 9 91 35 71 46 99 84 14 90 86 3 16 50 61 16 12 77 84 86 80 41 56 13 40 3 6 98 69 
37 45 42 72 5 86 36 97 1 85 23 1 76 35 94 72 74 17 33 52 48 5 33 19 17 1 17 79 46 22 87 34 94 92 60 70 
59 3 78 16 50 62 5 57 69 23 99 93 26 61 67 53 86 58 75 73 96 31 55 39 21 20 22 18 21 94 56 73 45 49 97 22 
68 25 8 5 5 43 48 31 88 69 97 37 61 17 54 2 85 6 74 67 47 45 67 53 60 89 71 99 46 21 45 66 90 26 13 2 
22 75 88 32 90 38 64 58 32 83 51 62 0 87 31 27 42 79 88 18 67 95 45 68 48 21 78 94 22 73 88 25 31 21 95 51 
47 2 71 20 15 42 73 37 64 46 21 27 18 58 80 86 74 11 67 51 27 13 17 71 70 39 46 56 84 18 20 14 16 48 12 35 
72 94 3 76 74 74 9 90 21 8 74 55 73 58 4 96 20 29 28 24 67 10 6 1 55 92 0 66 83 78 98 28 70 58 18 6 
51 48 58 97 78 87 60 33 21 96 45 23 87 94 49 94 71 79 48 63 70 87 49 29 84 84 19 61 77 1 97 34 86 14 78 98 
98 47 75 49 0 63 26 36 41 13 42 82 29 18 40 51 12 22 98 9 40 86 56 97 34 96 78 90 41 77 35 33 39 8 30 40 
77 23 92 13 32 5 95 72 1 1 53 77 30 14 88 7 25 8 67 67 81 24 43 42 75 55 82 86 37 72 9 27 25 13 59 5 
47 30 48 26 45 45 52 68 44 69 85 28 43 37 82 18 50 78 8 5 66 69 20 77 84 77 68 25 17 37 6 58 0 27 89 37 
13 19 77 45 92 4 71 79 49 7 46 51 88 30 48 57 41 95 17 64 47 3 78 43 55 51 15 53 14 68 64 27 53 12 32 39 
14 95 15 18 12 90 57 54 9 45 91 88 8 45 80 72 87 39 9 90 42 69 47 69 58 32 71 75 2 63 73 24 76 16 0 79 
30 95 23 45 50 59 95 85 55 45 9 95 62 57 86 82 15 90 99 81 8 15 9 62 63 39 94 6 93 42 44 25 72 84 74 3 
30 95 11 35 44 35 39 1 53 18 84 40 53 92 68 9 60 94 9 86 9 45 5 32 8 23 23 61 83 3 52 1 51 42 64 6 
54 25 3 22 58 25 77 13 37 1 49 11 98 61 24 97 37 99 4 40 31 16 83 63 80 49 64 98 36 6 31 78 80 28 7 24 
68 66 38 24 63 66 92 51 85 42 49 55 42 28 82 70 73 41 44 36 96 82 36 92 39 4 73 23 44 34 93 81 25 98 38 96 
69 90 89 29 12 99 24 24 22 10 48 95 89 23 35 68 38 5 91 73 11 88 63 27 13 37 37 37 32 74 68 23 79 17 50 44 
29 30 88 83 35 23 73 50 55 94 20 63 54 86 51 94 34 75 2 69 14 96 13 99 70 45 70 7 61 29 67 15 44 41 69 13 
37 60 10 38 96 89 7 96 1 54 97 27 14 59 25 89 21 40 57 55 97 27 27 45 97 40 2 24 88 50 70 31 27 37 89 52 
2 75 62 33 32 92 96 86 16 4 90 25 32 44 88 10 51 34 51 74 38 68 53 62 94 71 89 20 67 34 63 67 54 87 27 54 
14 28 85 3 63 71 29 0 46 37 2 53 55 92 36 8 50 40 15 2 42 34 90 62 0 27 96 20 69 11 9 57 28 69 53 67 
72 94 38 0 22 64 45 60 97 58 83 96 91 1 66 69 44 81 68 50 64 33 2 79 91 9 54 44 99 51 38 69 80 9 46 22 
82 41 53 62 88 88 88 61 32 13 40 98 54 87 62 50 37 92 54 54 12 92 68 82 28 96 4 91 11 3 10 17 31 38 24 95 
563 16 46
16 58 88 59 44 23 90 58 16 14 66 33 44 62 7 36 
69 91 24 87 3 43 5 51 6 47 90 18 73 43 89 18 67 71 52 52 30 32 99 0 36 59 47 64 37 0 97 97 17 66 32 29 68 20 6 92 60 30 47 40 28 63 
23 89 51 43 36 92 45 59 33 43 97 59 13 35 9 65 34 65 59 82 65 40 39 3 99 98 35 44 72 93 63 67 81 26 97 56 88 95 76 11 69 27 33 8 14 76 
6 2 24 13 43 26 52 87 77 17 95 43 11 32 10 58 58 93 74 94 84 5 93 59 98 89 39 78 38 21 14 76 68 18 65 89 86 0 9 9 49 61 58 38 24 9 
16 98 85 89 5 27 47 47 11 47 45 50 97 96 42 9 85 3 11 48 27 45 40 23 39 5 67 12 34 85 71 39 63 38 39 2 43 37 61 66 7 62 82 91 65 67 
72 32 53 31 11 83 40 77 40 28 32 71 2 56 73 39 10 53 60 8 70 66 63 2 95 88 10 68 86 89 2 0 53 93 40 95 52 79 36 99 19 35 1 84 51 77 
84 72 37 63 22 30 8 53 8 27 22 0 10 2 26 14 6 51 6 22 85 36 16 5 55 91 77 88 45 89 15 33 19 71 43 42 52 30 34 7 78 42 75 38 92 16 
2 35 89 9 39 87 87 66 69 19 98 91 75 57 36 45 50 64 37 25 36 55 26 13 49 20 68 51 27 9 52 85 11 39 15 23 4 58 97 74 0 60 17 57 61 17 
8 68 88 97 71 60 96 32 50 80 30 83 54 41 93 41 52 93 26 72 87 3 37 42 0 9 24 97 31 57 85 64 45 36 44 66 33 57 88 77 94 90 99 40 37 89 
96 6 79 68 67 23 24 53 21 77 16 74 92 72 29 48 45 19 49 20 77 53 84 43 13 97 42 30 84 7 81 72 10 97 15 78 30 24 7 3 42 40 10 87 56 43 
24 28 59 93 11 77 97 61 93 0 39 93 24 67 25 22 48 2 3 0 63 92 40 69 37 70 80 59 70 53 95 45 35 60 89 65 76 37 35 66 62 45 28 8 87 23 
11 8 21 32 18 61 40 36 74 72 52 67 48 14 0 16 42 6 6 26 20 34 93 8 21 60 85 71 80 15 15 34 60 72 11 66 72 85 63 55 81 2 47 5 91 8 
4 51 29 75 71 3 41 45 17 82 10 66 81 54 47 58 88 89 73 57 40 42 37 70 51 35 88 97 73 87 0 15 69 68 91 3 71 88 17 84 48 51 14 12 35 62 
93 23 92 63 28 69 33 10 60 47 96 58 14 25 25 20 87 63 49 76 89 35 18 70 53 58 32 80 31 20 44 79 43 26 35 29 91 97 73 4 72 18 28 52 57 37 
77 24 79 68 34 66 77 96 73 87 14 99 86 36 44 4 48 32 44 49 56 17 62 8 49 45 86 93 62 76 40 31 41 88 81 69 34 46 21 26 5 57 87 19 91 74 
12 93 33 65 17 72 11 16 89 74 5 49 98 8 9 38 86 72 56 57 36 30 34 98 75 57 31 94 65 55 51 56 48 5 90 10 55 61 82 73 72 24 3 96 77 74 
21 23 90 64 4 33 33 72 9 58 47 75 82 25 29 93 15 99 33 16 81 51 14 86 22 34 6 24 70 73 39 97 31 50 71 39 33 39 72 79 81 70 21 31 97 97 
16 89 29 70 17 44 34 20 48 66 52 75 85 60 88 49 22 11 62 78 11 49 45 85 32 13 31 96 48 49 72 7 6 28 87 90 73 33 17 97 93 44 50 36 99 78 
198 24 27
7 29 82 30 79 59 51 92 0 80 13 72 71 55 59 92 70 49 36 87 62 83 43 21 
41 77 41 1 3 32 6 22 84 50 69 73 23 9 11 51 4 93 47 22 58 67 89 59 92 1 36 
47 93 70 54 4 57 87 17 52 11 3 24 22 12 95 22 58 53 10 86 28 79 45 3 2 69 41 
4 48 99 24 78 58 23 75 49 23 74 62 83 63 22 94 13 77 93 84 67 49 87 18 23 99 12 
12 35 47 25 6 7 94 64 96 25 71 45 34 28 25 92 26 45 12 87 52 4 14 53 31 45 62 
32 72 30 2 26 43 19 65 49 85 34 47 33 96 6 26 1 1 91 48 41 25 67 82 45 23 20 
31 92 79 12 71 48 55 9 70 22 41 68 0 52 1 55 51 83 8 6 5 90 96 65 85 64 15 
3 0 91 94 2 27 18 18 89 69 12 10 39 26 76 97 56 63 73 52 19 39 41 77 49 14 24 
96 99 86 67 61 88 4 39 70 92 91 25 52 15 35 78 12 97 75 6 88 10 10 31 75 52 1 
70 96 95 61 11 55 35 29 26 92 80 26 16 82 87 98 77 78 88 51 96 6 57 47 45 43 48 
20 89 42 20 35 37 16 64 44 71 26 5 52 97 3 33 90 20 81 30 55 98 85 66 96 24 11 
20 63 7 99 36 98 82 60 27 12 36 58 76 0 69 19 41 95 16 33 89 63 57 28 25 94 23 
72 44 32 40 79 6 10 94 39 78 22 49 68 32 10 18 39 16 27 24 50 22 34 70 70 76 2 
36 63 15 23 64 26 33 80 93 95 78 31 98 82 88 10 0 63 6 75 89 15 11 42 59 89 35 
10 3 1 8 59 76 43 84 79 36 92 24 29 49 38 15 48 61 58 73 98 70 69 93 38 60 26 
59 94 73 13 72 72 27 92 79 66 90 42 77 19 84 36 84 70 24 64 82 92 71 86 32 81 67 
91 67 27 80 36 0 37 64 56 67 66 57 28 77 1 14 39 30 30 75 94 34 88 60 86 62 65 
29 34 46 54 68 81 77 9 64 80 38 4 3 81 90 80 0 5 10 62 78 50 6 16 88 14 89 
77 5 56 95 98 51 98 0 99 52 11 38 93 98 24 26 45 44 75 9 20 87 56 3 18 77 10 
27 11 13 35 70 0 62 42 3 66 38 40 55 8 35 6 63 27 46 16 64 96 60 15 20 80 33 
58 30 56 98 51 24 97 23 36 5 78 94 55 47 39 98 95 74 59 3 11 79 41 90 78 73 69 
26 91 14 25 19 75 99 45 50 57 99 95 65 97 93 86 64 35 24 88 31 63 90 42 92 3 63 
77 9 50 26 78 17 74 62 79 15 30 44 80 55 54 22 47 22 67 26 2 89 10 56 29 12 98 
20 13 93 33 37 5 35 33 46 32 39 94 33 84 36 38 86 2 69 83 1 66 95 15 82 99 92 
10 24 86 68 29 97 43 12 79 74 67 24 93 51 62 25 9 64 88 68 76 4 71 54 5 64 39 
57 16 27 82 22 70 15 88 75 96 79 77 55 99 53 61 36 3 7 1 98 34 86 82 20 86 42 