1
100 55 500 123654
382089708 130844611
494987109 420554480
227259468 959044537
394337782 50594087
447151369 318336866
4733528 899202378
155506453 238552379
757501173 863638842
341735475 357732771
49282412 169614891
337376755 916178825
120771106 52326277
858932657 322106535
920752054 647303696
732866328 133878473
373080458 768576970
553499438 751959253
887219410 295324925
966173754 766587937
196920923 527499908
836158416 873989925
541087166 384327254
128852269 658867449
430848171 50218421
707182623 655734569
79758367 518212302
694481245 148120074
774372606 951634837
405080978 247970222
730765706 220795370
525210918 13512187
860242556 864025808
542118543 657365664
285476250 173060675
790275217 867311944
755013420 398369151
521389030 536076305
131665593 429667131
168688109 169907594
121919964 828680246
284747446 792484435
806571782 629758676
210093150 18719905
38954134 245872061
109371457 945637921
293163692 493804372
81565843 910180025
21446524 311932355
848633963 207863633
395471287 73700944
537636143 60632895
264929088 185433274
512293254 722493036
540426739 696934177
821299340 283666474
31421712 284246168
378154302 170408188
137204085 119863209
70841663 475426952
496873059 423545620
182040868 147637476
10857292 310904043
237779604 744573617
780357265 523963171
311713339 827492869
426331654 184579157
928013717 210406756
499860426 829365322
908992962 843705591
232754765 702883999
467002885 477628055
438701446 295594334
648133617 690503227
883574928 851604590
28762215 804112538
94207473 405945266
962599027 366720924
11289664 98982405
234061243 156571623
119570306 235068934
512376527 831366081
26012870 214203774
203311378 701478941
117392534 93618522
703738218 86776142
908186702 126751532
669191021 297574998
35096648 105542842
702643687 23581511
751559191 362307998
672365613 279435787
52298418 712841388
487426899 101211449
700545882 5462243
553045690 833131157
862927936 497214178
130382809 625983264
708226175 717235619
228808174 420641096
397987440 620001505
388731707 132279470
372048701 542233214
741509544 21547798
817750164 316384984
682534401 796804183
974508633 994672212
670471981 666042820
729990632 712522896
127443045 894871361
627437095 940335438
229877964 214656523
477420386 246160648
259462111 159960871
85840067 774469452
299327321 920773550
664211006 798430121
110382494 419669736
158874555 576726433
766820863 381115357
938739846 62939097
564685495 38059988
941885301 171620575
785382926 339152229
95268635 836884786
536903745 580243703
435795999 804965194
939024582 826510697
34892758 212270485
828312452 36538617
531074857 260363403
800504802 337037861
634552259 943255380
978507996 880534865
72228401 522201023
289857729 736196920
797089187 673976984
900568111 902231695
563290191 230413101
926485222 530510674
94377678 111409083
104873867 65258167
55112166 431021168
801234676 681330989
807651912 707387467
280005355 779918742
794666789 693186542
519082053 234148373
381945379 333454499
648605577 952036240
131793180 70055954
733203228 910407762
659600913 676973982
692306688 165000674
106758345 371781318
114049393 711188657
