13
5 3 1 1 5 
1 2 1 
2 3 1 
3 1 1 
4 5 1
4 5 3 1 4
1 2 13
2 3 19
3 1 25
3 4 17
4 1 18
1 3 23
2 3 5
2 4 25
4 5 3 1 4
1 2 13
2 3 19
3 1 25
3 4 17
4 1 18
1 3 100
2 3 500
2 4 250
5 6 3 2 4
1 2 3
2 3 4
4 5 6
2 4 1
5 1 2
3 2 4
1 2 1
5 3 2
4 3 1
7 5 4 3 7
1 2 6
6 5 2
4 5 3
1 4 2
5 2 6
1 6 3
2 4 2
5 6 3
3 4 1
4 5 3 1 4
1 2 13
2 3 19
3 1 25
3 4 17
4 1 18
1 3 23
2 3 5
2 4 25
5 3 1 1 5
1 2 1
2 3 1
3 1 1
4 5 1
4 5 3 1 4
1 2 13
2 3 19
3 1 25
3 4 17
4 1 18
1 3 23
2 3 5
2 4 25
4 5 3 1 4
1 2 13
2 3 19
3 1 25
3 4 17
4 1 18
1 3 100
2 3 500
2 4 250
5 6 3 2 4
1 2 3
2 3 4
4 5 6
2 4 1
5 1 2
3 2 4
1 2 1
5 3 2
4 3 1
7 5 4 3 7
1 2 6
6 5 2
4 5 3
1 4 2
5 2 6
1 6 3
2 4 2
5 6 3
3 4 1
7 5 4 3 7
1 2 6
6 5 2
4 5 3
1 4 2
5 2 6
1 6 3
2 4 2
5 6 3
3 4 1
4 5 3 1 4
1 2 13
2 3 19
3 1 25
3 4 17
4 1 18
1 3 23
2 3 5
2 4 25
4 5 3 1 4
1 2 13
2 3 19
3 1 25
3 4 17
4 1 18
1 3 23
2 3 5
2 4 25